# damn i was lowkey cooking with this piston layout.
# Might've cooked to hard; another observer would be nice

# Interleave observers, and put interleaved stack into place
46, 36, 32,
45, 36, 34,  # 32 implied
43, 41, 39, 37, 35,
37, # Make room for Observer
33, 34, 32, 32, 32, 32,
37, # Un-make room for Observer
35, 37, 39, 41, 35, 36, 38, 40, 35, 37, 39, 36, 38, 37,

32,
38, 36,
35, 35, 35, 35, 35, 35, 35, 35, 35, 35, 35, 35, 35, 35, 35, 35,   # Hard to figure out
36, 38, 35, 37, 36, 32,



# Grabbing First Piston
39, 36, 32, 37, 35, 35,
37, 36, 36, 36, 32,
40, 38, 36, 35, 36, 38, 40, 35, 37, 39, 36, 38, 37,
32, 37, 35, 35, 37, 36, 32,
39, 37, 35, 37, 32, 32, 37, 35, 37, 39, 36, 38, 37,
32, 36, 36, 32,  # Safe up to here

38, 36, 35, 36, 38,
37, 32, 32, 37, 35, 37,
35, 36, 35,
43, 42, 41, 40, 39, 38, 37, 36, 34, 32,
# Pistons should be: 'p pp pppppppp f      p??pb bbbbbbbbbbb '


# Grabbing Second Piston
### Move Piston Up
42, 36, 32,
40, 36, 34, 32,
37,
35, 35, 35, 35, 35, 35, 35, 35, 35, 35, 
37, 36, 32,
38, 36, 35, 36, 38, 40, 37, 32, 32, 37, 35, 37, 39, 35, 36, 38, 35, 37, 36, 34, 32,

40, 36, 32,
38, 36, 35, 35, 35, 35, 36, 35, 38, 37, 36, 32,
43, 41, 39, 37, 35, 37, 32, 32, 37,
35, 37, 39, 36, 38, 37,
32, 36, 36, 32,
38, 36, 35, 36, 38, 37, 32, 32, 37, 35, 37, 35, 36, 35,
41, 40, 39, 38, 37, 36,
43, 42, 41, 40, 39, 38, 37,

### Move Observer Up
32,
40, 36, 34, 32,
37,
35, 35,
37, 36, 32,
38, 36, 35, 36, 38, 37, 32, 32,
37, 35, 37, 35, 36, 35,
40, 39, 38, 37, 36, 34, 32,

### Move Piston Up
41, 36, 32, 39, 37, 35, 37, 34,
32, 32, 32, 32, 32, 32, 32, 32,
37, 35, 37, 35, 36, 35,
39, 38, 37, 36,
34, 32,

39, 36, 32, 37, 35, 35, 35, 35, 37, 36, 32,
42, 40, 38, 36, 35, 36, 38, 37, 32, 32,
37, 35, 37, 35, 36, 35,
40, 39, 38, 37, 36,
42, 41, 40, 39, 38, 37,

### Move Observer Up  ## Safe up to here
32, 39, 36, 34, 32,
36, 36, 36, 36, 36, 36, 36, 36,
32, 37, 35, 37, 35, 36, 35,
39, 38, 37, 36, 34, 32,


### Move Piston Up
41, 36, 32,
38, 36,
35, 35, 35, 35, 36, 35,
38, 37, 36, 32,
39, 36, 32, 36, 36, 32,
37, 35, 37, 35, 36, 35,
39, 38, 37, 36,
41, 40, 39, 38, 37,

### Move Observer Up
32, 38, 36, 35, 35, 36, 38, 35, 37, 36, 32,

### Move Piston Up
40, 36, 32,
37, 35, 35, 35, 35, 37, 36, 32,
38, 36, 35, 36, 38, 35, 37, 36,
40, 39, 38, 37,

### Move Observer Up
32, 37, 35, 35, 37, 36, 32,

### Move Piston Up
39, 36, 32,
36, 36, 32,
37, 35, 37, 36,
39, 38, 37,

### Move Observer Up
32, 36, 36, 32,

### Etc.
38, 36, 35, 36, 38,
37, 32, 32, 37,
35, 37, 35, 36, 35,
45, 44, 43, 42, 41, 40, 39, 38, 37, 36,
33, 34, # 32 implied

# Safe up to here!


# Grabbing Third and Final Piston
### Move Piston Up
##### Observer Interleave
44, 36, 32, 
42, 36, 34,  # 32 implied
40, 36, 33, 34, 32,

##### Pull out first section
37,
35, 35, 35, 35, 35, 35, 35, 35, 35, 35, 35, 35, 35, 35,   # POSSIBLY WRONG!!!
37, 36, 32,

38, 36, 35, 36, 38, 37, 32, 32, 37, 35, 37, 35, 36, 35,
40, 39, 38, 37, 36, 34, 32,

40, 36, 32,
38, 36,
35, 35, 35, 35,
36, 35, 38, 37, 36, 32,

45, 43, 41, 39, 36, 32, 36, 36, 32,
37, 35, 37, 35, 36, 35,
39, 38, 37, 36,
41, 40, 39, 38, 37,

32, 38, 36, 35, 35, 36, 38, 35, 37, 35, 36, 32,

39, 36, 32, 37, 35, 35, 35, 35, 37, 36, 32,
40, 38, 36, 35, 36, 38, 35, 37, 36,
40, 39, 38, 37,

32, 37, 35, 35, 37, 36, 32,

39, 36, 32, 36, 36, 32,
37, 35, 37, 36, 39, 38, 37,
32, 36, 36, 32,
38, 36, 35, 36, 38, 37, 32, 32, 37, 35, 37, 35, 36, 35,
43, 42, 41, 40, 39, 38, 37, 36,
33, 34, # 32 implied

# Safe up to here
# Pistons are in the state:
# 'pp pppppppppp f       pp b bbbbbbbbbbb'

##### Bring back second to last piston from retraction
##### Can be reused to bring back last piston once it is brought up once more
42, 36, 32,
40, 36, 34, # 32 implied
38, 36,
35, 35,
36, 35, 38, 37, 36, 32,

38, 36,
32, 36, 36, 32,
43, 41, 39, 37, 35, 37, 36, 39, 38, 37, 32, 36, 36, 32,
38, 36, 35, 36, 38, 37, 32, 32, 37, 35, 37, 35, 36, 35,

41, 40, 39, 38, 37, 36, 34, # implied 32

41, 36, 32,
39, 36, 34,  # implied 32
36, 36, 36, 36, 36, 36, 36, 36, 36, 36,
32, 37, 35, 37, 35, 36, 35,
39, 38, 37, 36, 34, # implied 32

39, 36, 32,
37, 35, 35, 35, 35, 37, 36, 32,

47, 46, 44, 42, 40, 38, 36,
35, 36, 38, 37, 32, 32, 37, 35, 37, 35, 36, 35,
40, 39, 38, 37, 36,
42, 41, 40, 39, 38, 37,



32, 38, 36, 34, # implied 32 # 
36, 36, 32, 32, 32, 
39, 37, 35, 37, 39, 35, 36, 38, 35, 37, 36, 34, # implied 32



41, 36, 32, 38, 36, 35, 35, 35, 35, 36, 38, 35, 37, 36, 32,
39, 37, 35, 37, 32, 32, 37, 35, 37, 35, 36, 35,
39, 38, 37, 36,
41, 40, 39, 38, 37,

# Safe up to here

32, 38, 36, 35, 35, 36, 38, 35, 37, 36, 32,

39, 36, 32, 37, 35, 35, 35, 35, 37, 36, 32,
40, 38, 36, 35, 36, 38, 35, 37, 36,
40, 39, 38, 37,
32, 37, 35, 35, 37, 36, 32,

# Safe up to here

39, 37, 35, 37, 32, 32, 37, 35, 37, 39, 36, 38, 37,
32, 36, 36, 32,

38, 36, 35, 36, 38, 37, 32, 32, 37, 35, 37, 35, 36, 35,
44, 43, 42, 41, 40, 39, 38, 37, 36,
46, 45, 44, 43, 42, 41, 40, 39, 38, 37,

### Pull up block
32,
41, 36, 34, # 32 implied
39, 36, 33, 34, 32,
37,
35, 35, 35, 35, 35, 35,  # IDK
37, 36, 32,
42, 40, 38, 36, 35, 36, 38, 37, 32, 32, 37, 35, 37, 35, 36, 35,
40, 39, 38, 37, 36,
34, 32,

40, 36, 32,
38, 36, 35, 35, 35, 35, 36, 38, 35, 37, 36, 32,

43, 41, 39, 37, 35, 37, 32, 32, 37,
35, 37, 39, 35, 36, 38, 35, 37, 36,
41, 40, 39, 38, 37,

32, 38, 36, 35, 35, 36, 38, 35, 37, 36, 32,

40, 36, 32,
37, 35, 35, 35, 35, 37, 36, 32,
38, 36, 35, 36, 38, 35, 37, 36,
40, 39, 38, 37,

32, 37, 35, 35, 37, 36, 32,

39, 37, 35, 37, 32, 32, 37,
35, 37, 39, 36, 38, 37,
32, 36, 36, 32,
38, 36, 35, 36, 38, 37, 32, 32, 37, 35, 37, 35, 36, 35,
43, 42, 41, 40, 39, 38, 37, 36,
33, 34, # implied 32

### Move piston up
43, 36, 32,
41, 36, 34, # 32 implied
39, 37, 35,
37, 33, 34,
32, 32, 32, 32, ###IDK!!!!
37,
35, 37, 35, 36, 35, 39, 38, 37, 36, 34, 32,

39, 36, 32,
37, 35, 35, 35, 35, 37, 36, 32,

44, 42, 40, 38, 36, 35, 36, 38, 35, 37, 36, 
40, 39, 38, 37,
32, 37, 35, 35, 37, 36, 32,

39, 37, 35, 37, 32, 32, 37,
35, 37, 39, 36, 38, 37,
32, 36, 36, 32,
38, 36, 35, 36, 38, 37, 32, 32, 37,
35, 37, 35, 36, 35,
42, 41, 40, 39, 38, 37, 36,
33, 34, # implied 32

# probably safe to here

42, 36, 32, 
40, 36, 34, # implied 32
37, 35, 35, 37, 36, 32,

38, 36, 35, 36, 38, 37, 32, 32, 37,
35, 37, 35, 36, 35,
40, 39, 38, 37, 36, 34, # implies 32

40, 36, 32,
38, 36, 35, 35, 35, 35, 36, 38, 35, 37, 36, 32,
45, 43, 41, 39, 37, 35, 37, 32, 32, 37,
35, 37, 39, 35, 36, 38, 35, 37, 36,
41, 40, 39, 38, 37,

32, 38, 36, 35, 35, 36, 38, 35, 37, 36, 32,
40, 36, 32, 
37, 35, 35, 35, 35, 37, 36, 32,
38, 36, 35, 36, 38, 35, 37, 36,
40, 39, 38, 37,

32, 37, 35, 35, 37, 36, 32,
39, 36, 32, 36, 36, 32,
37, 35, 37, 36, 
39, 38, 37,

32, 36, 36, 32,
38, 36, 35, 36, 38, 37, 32, 32, 37,
35, 37, 35, 36, 35,
43, 42, 41, 40, 39, 38, 37, 36,
45, 44, 43, 42, 41, 40, 39, 38, 37,

# Safe to here?????

32,
41, 36, 34, # implied 32
39, 36, 33, 34, 32,
36, 36, 36, 36, 36, 36, 36, 36, 
32, # Good to here
37, 35, 37, 35, 36, 35,
39, 38, 37, 36,
34, 32, # Good from here

39, 36, 32, 37, 35, 35, 35, 35, 37, 36, 32,
42, 40, 38, 36, 35, 36, 38, 35, 37, 36,
40, 39, 38, 37,
32, 37, 35, 35, 37, 36, 32,
# Good from here
39, 37, 35, 37, 32, 32, 37,
35, 37, 39, 36, 38, 37, 32, 36, 36, 32,
38, 36, 35, 36, 38, 37, 32, 32, 37,
35, 37, 35, 36, 35,
42, 41, 40, 39, 38, 37, 36,
33, 34, # implied 32
# Good from here


##### nEW STUFF

### Pull piston up
43, 36, 32,
41, 36, 34, # Implied 32
38, 36, 35, 35, 36, 38, 35, 37, 36, 32,
39, 37, 35, 37, 32, 32, 37,
35, 37, 39, 36, 38, 37,
32, 36, 36, 32,
38, 36, 35, 36, 38,
37, 32, 32, 37, 35, 37, 35, 36, 35,
41, 40, 39, 38, 37, 36,
34, # 32 implied

41, 36, 32,
39, 36, 34, # 32 implied
36, 36, 36, 36, 36, 36, 36, 36, 36, 36, 
32,
37, 35, 37, 35, 36, 35,
39, 38, 37, 36,
34, # 32 implied

39, 36, 32,
37, 35, 35, 35, 35, 37, 36, 32,
44, 42, 40, 38, 36, 35,
36, 38, 35, 37, 36, 40, 39, 38, 37,

32, 37, 35, 35, 37, 36, 32,

39, 37, 35, 37, 32, 32, 37,
35, 37, 39, 36, 38, 37,
32, 36, 36, 32,
38, 36, 35, 36, 38,
37, 32, 32, 37,
35, 37, 35, 36, 35,
42, 41, 40, 39, 38, 37, 36,
44, 43, 42, 41, 40, 39, 38, 37,

### Pull block back up
32, 
41, 36, 34, # implies 32
38, 36, 35, 35, 36, 38, 35, 37, 36, 32,
39, 37, 35, 37, 32, 32, 37,
35, 37, 39, 36, 38, 37, 32, 36, 36, 32,
38, 36, 35, 36, 38, 37, 32, 32, 37,
35, 37, 35, 36, 35, 
41, 40, 39, 38, 37, 36,
34, # implies 32

# Safe to here

### Pick up piston
42, 36, 32,
40, 36, 34, # implies 32
37, 35, 35, 37, 36, 32,
38, 36, 35, 36, 38, 37, 32, 32, 37,
35, 37, 35, 36, 35,  # fixed error here
40, 39, 38, 37, 36,
34, # implies 32

40, 36, 32,
38, 36, 35, 35, 35, 35, 36, 38, 35, 37, 36, 32,
43, 41, 39, 37, 35, 37, 32, 32, 37,
35, 37, 39, 36, 38, 37, 32, 36, 36, 32,
38, 36, 35, 36, 38, 37, 32, 32, 37,
35, 37, 35, 36, 35,
41, 40, 39, 38, 37, 36,
43, 42, 41, 40, 39, 38, 37,

### Pulling block up
32, 
40, 36, 34, # implies 32
37, 35, 35, 37, 36, 32,
38, 36, 35, 36, 39, 37, 32, 32, 37,
35, 37, 35, 36, 35,
40, 39, 38, 37, 36,
34, # implies 32

### Pulling piston up
41, 36, 32,
39, 36, 34, # implies 32,
36, 36, 36, 36, 36, 36, 36, 36, 36, 36, 
32,
37, 35, 37, 35, 36, 35,
39, 38, 37, 36,
34, # implies 32

39, 36, 32,
37, 35, 35, 35, 35, 37, 36, 32,
42, 40, 38, 36, 35, 36, 38, 37, 32, 32, 37,
35, 37, 35, 36, 35,
40, 39, 38, 37, 36,
42, 41, 40, 39, 38, 37,

### Pulling up block
32,
39, 36, 34, # implies 32
36, 36, 36, 36,
32, 37, 35, 37, 35, 36, 35,
39, 38, 37, 36,
34, #implies 32

### Pull up piston
41, 36, 32,
38, 36, 35, 35, 35, 35, 36, 38, 35, 37, 36, 32,
39, 37, 35, 37, 32, 32, 37,
35, 37, 35, 36, 35,
39, 38, 37, 36,
41, 40, 39, 38, 37,

### Pulling up block
32, 
38, 36, 35, 35, 36, 38,
35, 37, 36, 32,

### Pulling up piston
40, 36, 32,
37, 35, 35, 35, 35, 37, 36, 32,
38, 36, 35, 36, 38, 35, 37, 36,
40, 39, 38, 37,

### Pulling up block
32,
37, 35, 35, 37, 36, 32,

### etc
39, 36, 32,
36, 36, 32,
37, 35, 37, 36, 39, 38, 37,
32, 36, 36, 32,
38, 36, 35, 36, 38, 37, 32, 32, 37,
35, 37, 35, 36, 35,



47, 46, 56, 45, 44, 43, 42, 41, 40, 39, 38, 37,

# oh my god its actually done











